104 11111
119 1111011
69 1111010111
73 1111010110
83 1111010101
66 1111010100101
63 1111010100100
58 1111010100011
53 1111010100010
68 1111010100001
75 1111010100000
44 11110100
109 111100
116 1110
32 110
103 101111
98 1011101
48 1011100111
106 10111001101
55 1011100110011100
86 101110011001101
89 101110011001100
38 1011100110010
51 101110011000
50 1011100101
40 1011100100
77 101110001
41 1011100001
54 101110000011
37 1011100000101
90 01101000010101
87 0110100000
100 01100
78 01101000010110
-128 111101010011
101 010
121 000011
74 011010000100
59 01101000010100
117 00000
70 0110100010
-103 00001000100
-52 1011100110011101
80 01101000011
114 0001
67 1011100000010
45 000010000
105 0011
82 000010001100
85 000010001101
111 0010
65 00001001
112 011011
56 01101000010111
79 00001000111
107 00001010
10 00001011
57 10111000001001
72 01101000110
122 01101000111
120 011010010
113 0110100110
-83 1011100110011110
49 0110100111
84 01101010
76 01101011
110 0111
115 1000
99 10010
52 101110000000
-30 00001000101
-127 101110000010000
102 100110
118 1001110
-61 1011100110011111
71 1011100000011
46 1001111
97 1010
108 10110
81 101110000010001
